0.0 0.0 0.0 0.0 1.0 0.0 0.0 0.0
1.0 0.002288928721100092 -0.0009366170270368457 -0.0009551940020173788 0.9999999708369288 -0.0002296115357448582 7.349195768568381e-05 -1.4269416601283332e-05
2.0 0.0038459550123661757 -0.0014419805957004428 -0.0012892097001895308 0.9999998574142958 -0.0003562503351234003 0.00038276729398508996 -0.00010838028236298642
3.0 0.006121423561125994 -0.002414560178294778 0.0005747278919443488 0.9999995171276744 -0.000515173898980555 0.0007090883609903838 0.0004444479364168517
4.0 0.008404233492910862 -0.0031733347568660975 0.0025498666800558567 0.9999987526608061 -0.0007396945918926801 0.0006974522801546317 0.0012087551694071378
5.0 0.008990680798888206 -0.002841482637450099 0.005193458870053291 0.9999969945704696 -0.0006720987005643074 0.0013230881318846098 0.0019515560868835437
6.0 0.008721034042537212 -0.001632142229937017 0.008723771199584007 0.9999951622699905 -0.00023032670080228533 0.002399410959235698 0.0019660145663064556
7.0 0.00906695332378149 -0.0021275747567415237 0.01205360796302557 0.9999920574609269 -0.0003266294505588484 0.0033455099803889206 0.002141469410369674
8.0 0.007595454342663288 -0.0014141020365059376 0.016681374981999397 0.9999860205923984 4.483558750218444e-05 0.004653086143293025 0.002511055334454485
9.0 0.0066409967839717865 -0.001988777192309499 0.01901010051369667 0.99997995768828 0.00011809747476070208 0.005699918391926485 0.0027533988192093065
10.0 0.006907939910888672 -0.002803630894050002 0.021431922912597656 0.9999724781599271 0.00015880366337947793 0.006658944673644905 0.003267439352787408
11.0 0.006133615504950285 -0.003415521001443267 0.022794527933001518 0.9999598080270723 0.00028050786360809784 0.008162387462337418 0.00369852358568078
12.0 0.004553673788905144 -0.0039197420701384544 0.024061856791377068 0.9999424001899415 0.00025760880383771047 0.00996245688576821 0.003984895592396312
13.0 0.0016706918831914663 -0.0032213889062404633 0.024620147421956062 0.9999112820301951 0.00067787197192341 0.012431239210373686 0.0047363329713759825
14.0 0.0011531573254615068 -0.003537242766469717 0.02324804663658142 0.9998807348239402 0.0007333344579088611 0.01448908757794188 0.005295723715325112
15.0 -0.0014045797288417816 -0.003186003305017948 0.021945511922240257 0.9998450351997566 0.0006656892156635058 0.01652196274590878 0.006040462837268307
16.0 -0.00918581523001194 -0.0017337711760774255 0.019088445231318474 0.9997878573541652 0.0007820493813154431 0.019506259014833723 0.006567689485555272
17.0 -0.01982034370303154 -0.00015440245624631643 0.01586298830807209 0.9997025533661698 0.0009456261511763694 0.023361815103221308 0.006938024173033902
18.0 -0.031099442392587662 0.002861910965293646 0.015413803048431873 0.9995883502009187 0.00140514078118054 0.027436330692275197 0.008270639644835298
19.0 -0.043689239770174026 0.005576719529926777 0.014280089177191257 0.9994259904628534 0.0016588610694786069 0.032312821234966135 0.010040883981692455
20.0 -0.05699598044157028 0.007874563336372375 0.013424788601696491 0.9992241625927554 0.0016503020225984342 0.037454445778685654 0.012062913638604645
21.0 -0.0757727175951004 0.010210240259766579 0.01355633046478033 0.9989549082481273 0.00167767492171549 0.043622235673819565 0.01354168559118417
22.0 -0.09454315900802612 0.012061132118105888 0.013478242792189121 0.9986445657530815 0.0015310421168991844 0.04965817314848953 0.015516218657589032
23.0 -0.11154071986675262 0.014848226681351662 0.015640005469322205 0.9982701888143187 0.0015422719300454682 0.05599892484318855 0.01784298008532027
24.0 -0.1287664920091629 0.017166845500469208 0.018723463639616966 0.9978303676191648 0.0014918694823805466 0.06278667763704511 0.019752592076787284
25.0 -0.14699384570121765 0.01867612823843956 0.022836236283183098 0.9973478784740605 0.001443734760730001 0.069382003873306 0.021937695224336504
26.0 -0.1651996374130249 0.018589679151773453 0.027425570413470268 0.9967946231262408 0.001247753485741261 0.07610511486032757 0.024636028696823357
27.0 -0.1844627410173416 0.016953200101852417 0.0313081294298172 0.9961557950381188 0.001045444848040372 0.08314254820287868 0.027565480866024245
28.0 -0.2041575014591217 0.013978314585983753 0.03510449826717377 0.9954470013353491 0.0006867247990387364 0.09037338142554203 0.030289401962158263
29.0 -0.22291691601276398 0.010401641950011253 0.03923458606004715 0.9946053824642472 0.00028609912511115055 0.09840427390983271 0.03281234823534865
30.0 -0.23953106999397278 0.006810142658650875 0.043238844722509384 0.9936905725227274 -0.00018815230602028393 0.10634510636481184 0.035633257364726695
31.0 -0.2537492513656616 0.0029996733646839857 0.04831215366721153 0.9927168866363582 -0.0007017518336119737 0.11409354737809374 0.03866979413007914
32.0 -0.26693999767303467 0.0009255085606127977 0.05507911369204521 0.9917917182874719 -0.0005651924260886645 0.12091434050245448 0.041576319639452845
33.0 -0.28004494309425354 -0.0015226281248033047 0.062635637819767 0.9908652850436448 -0.0008606685260666594 0.12727949384667814 0.04455532057115214
34.0 -0.29534104466438293 -0.004214632790535688 0.07014983147382736 0.9898458856516029 -0.001191496473378415 0.13402113942697358 0.047350155030829115
35.0 -0.31288933753967285 -0.00742711964994669 0.07675132900476456 0.9886662495099815 -0.0015182412152584073 0.1411642237521221 0.05108232527929719
36.0 -0.3298577666282654 -0.010877182707190514 0.08305932581424713 0.9873507909835997 -0.001968682868218394 0.148882516175847 0.054484274877922255
37.0 -0.3443225920200348 -0.014419399201869965 0.08762696385383606 0.986063028391704 -0.0025923188862757834 0.15612287914351133 0.05743370551961703
38.0 -0.35752055048942566 -0.017358921468257904 0.09008346498012543 0.9847904508614379 -0.0027580211804599623 0.16276929743499216 0.060715047754349126
39.0 -0.37181130051612854 -0.019226958975195885 0.09120941907167435 0.9833714216663463 -0.0030378692542781098 0.16992598623105137 0.06400451236989108
40.0 -0.38697996735572815 -0.02115773782134056 0.09071516990661621 0.9817731923336127 -0.0035598720009170325 0.17772030178251427 0.06726232571608216
41.0 -0.4007316827774048 -0.022169066593050957 0.08850360661745071 0.9801139450567345 -0.003925509750094377 0.18540102964494884 0.07062367368750434
42.0 -0.4157162010669708 -0.022930298000574112 0.08583280444145203 0.9781183979562412 -0.00403561096329462 0.19422463271031912 0.0744641220468674
43.0 -0.4305945634841919 -0.024050887674093246 0.08368325233459473 0.9760286160471234 -0.004136636800064377 0.2031041414597779 0.07810081059123297
44.0 -0.44624170660972595 -0.024212339892983437 0.08216606825590134 0.9739529344276232 -0.004073875429492131 0.21145554948724501 0.08176573640501444
45.0 -0.46393319964408875 -0.025318847969174385 0.08018098026514053 0.971600429515338 -0.004276185158752336 0.2206892743208218 0.0852676011498388
46.0 -0.4783686399459839 -0.024946730583906174 0.0794634148478508 0.9690533412911736 -0.004252156673093544 0.2303103349454978 0.08873945296953388
47.0 -0.49204087257385254 -0.025823965668678284 0.07933013886213303 0.9662962318267155 -0.004642966219032835 0.24019202734352715 0.09250851432590343
48.0 -0.5063531994819641 -0.02563231810927391 0.0808013305068016 0.9639715949356733 -0.004396071125353833 0.24782821538800653 0.09654332899497008
49.0 -0.5222216844558716 -0.02508719079196453 0.08515187352895737 0.961776690219334 -0.003929054865158081 0.254833996862322 0.10014886280824055
50.0 -0.538508951663971 -0.024161487817764282 0.0916619673371315 0.959556965225304 -0.003767070110377105 0.2618189209291982 0.10337839384445136
51.0 -0.5568456649780273 -0.02418724074959755 0.09752994030714035 0.9572059014563641 -0.003693692796724346 0.269138358474197 0.10633796522619512
52.0 -0.5755476951599121 -0.02537214569747448 0.103197380900383 0.9547106043965651 -0.0036706770465160764 0.27660122962839884 0.10957165578206526
53.0 -0.5933865904808044 -0.027155369520187378 0.10806045681238174 0.952197086325232 -0.003092919765179794 0.2837376097350762 0.11315525380153726
54.0 -0.6101382970809937 -0.02927231416106224 0.11419500410556793 0.949594383860859 -0.002409917776776013 0.2910080199115042 0.11652909844073378
55.0 -0.6273196935653687 -0.03156067430973053 0.12100311368703842 0.9468226982804007 -0.00201476364660391 0.29855622548690497 0.11994539995965679
56.0 -0.6423995494842529 -0.03388756513595581 0.1276339292526245 0.9439561366135766 -0.002001681169578293 0.30618662547551045 0.12325808615253454
57.0 -0.6558013558387756 -0.03667978569865227 0.13189862668514252 0.9409475293052146 -0.0022376750765340622 0.31400851612347247 0.1265361280686228
58.0 -0.6677438020706177 -0.040656447410583496 0.13571910560131073 0.9376190734211906 -0.002795180498700385 0.3225344174385353 0.12974671360135723
59.0 -0.680077314376831 -0.04446793347597122 0.14068087935447693 0.9341199384552444 -0.0031956423422103467 0.3312142096841958 0.13306718511212517
60.0 -0.6923109889030457 -0.04925563186407089 0.14664840698242188 0.9307115256867247 -0.0037740258801718754 0.3393990120088612 0.13627223976274075
61.0 -0.7049993872642517 -0.0538661852478981 0.15532217919826508 0.9272022266868233 -0.004195903203098541 0.3474339829922992 0.1398858559162213
62.0 -0.7188812494277954 -0.05879167094826698 0.1655500829219818 0.923785263421552 -0.004567134857556163 0.35504165365337753 0.14333650105762186
63.0 -0.7323850393295288 -0.06378547102212906 0.17663821578025818 0.9203157781442991 -0.0051784494624773116 0.3626636302571231 0.14651670023769428
64.0 -0.7437798380851746 -0.07023150473833084 0.18780480325222015 0.9163681830166468 -0.0068224793615979384 0.37118739005408746 0.14980897301218193
65.0 -0.752436637878418 -0.0798952728509903 0.19781386852264404 0.9120222605056143 -0.009108382709225264 0.3802641444639054 0.15340017647247228
66.0 -0.7611322999000549 -0.09257939457893372 0.20620425045490265 0.9076088768180576 -0.01118733595771707 0.38910995943788673 0.15720817313829252
67.0 -0.7710911631584167 -0.10691046714782715 0.21492554247379303 0.9033197051131774 -0.012528738694467344 0.3973765119111001 0.16108522229656988
68.0 -0.7812036871910095 -0.12070131301879883 0.22483818233013153 0.8990156342499457 -0.014098298261971481 0.40551411303092183 0.1647131794758059
69.0 -0.7889310717582703 -0.1325073093175888 0.2345014065504074 0.8946316572833517 -0.015872323887070043 0.41359445296053093 0.16829110374926784
70.0 -0.7954920530319214 -0.1417103409767151 0.24471497535705566 0.8904466364329385 -0.01718470417840109 0.42102034799868093 0.1719050324412775
71.0 -0.8028042316436768 -0.1504172682762146 0.25683286786079407 0.8861206250070031 -0.019012806482113294 0.4285263917510172 0.17548185860574256
72.0 -0.8110339045524597 -0.159134179353714 0.27002647519111633 0.8816502325791075 -0.021185916155021054 0.43601925620652193 0.17925186907530286
73.0 -0.8198292255401611 -0.16802524030208588 0.2853921055793762 0.8772301344798351 -0.023508809632032612 0.44328893706975425 0.18278278174309143
74.0 -0.8288317918777466 -0.1769251823425293 0.30165091156959534 0.872833711947995 -0.02583256703784169 0.45024922072176815 0.18646616048699177
75.0 -0.8361628651618958 -0.18408246338367462 0.319324791431427 0.8685174271720718 -0.027942467238444617 0.4568275922551528 0.19027676730855353
76.0 -0.8426137566566467 -0.19056753814220428 0.33657634258270264 0.8642998858429094 -0.03023412955386505 0.4630672343715687 0.1940111883204693
77.0 -0.850121796131134 -0.19783776998519897 0.3531321585178375 0.8599395569433436 -0.032575651321692364 0.469355134855685 0.197859906827167
78.0 -0.8573408722877502 -0.20525816082954407 0.3674679100513458 0.8556626533742805 -0.03479470111495589 0.47546584787518337 0.20140253200776723
79.0 -0.864254891872406 -0.21268607676029205 0.3813706040382385 0.8512512622711753 -0.03716543438052102 0.4817057414285469 0.20481600924686455
80.0 -0.871650755405426 -0.22069300711154938 0.39518114924430847 0.8468971905062164 -0.03963003128788426 0.4878137297824691 0.20792396294923507
81.0 -0.8813807964324951 -0.22932226955890656 0.40811601281166077 0.8425104659906151 -0.041950286077841896 0.4939091931032531 0.21087910556135542
82.0 -0.890680193901062 -0.23776081204414368 0.4191376864910126 0.8380327879512732 -0.044526353717954534 0.49994490544880904 0.21394752080587745
83.0 -0.8996337652206421 -0.24454531073570251 0.4274919927120209 0.833710529633315 -0.04673454155497097 0.5057395182006765 0.21672603704754018
84.0 -0.9088280200958252 -0.2496008574962616 0.4352521002292633 0.8293530528254819 -0.04827111940693776 0.5115541210250882 0.2194442846430594
85.0 -0.9193161725997925 -0.25585901737213135 0.44440919160842896 0.824536704112471 -0.05027593427954061 0.5180978034445002 0.22177966559097956
86.0 -0.9299505949020386 -0.26305317878723145 0.45442208647727966 0.8198997269743177 -0.05202682348538969 0.5242172470434728 0.22417387280328177
87.0 -0.9414335489273071 -0.2712625563144684 0.4657420217990875 0.8149893304885906 -0.05382516366349587 0.5306996598666748 0.22639150594435406
88.0 -0.9528948068618774 -0.2797999382019043 0.47694283723831177 0.8103150289681315 -0.05549400412875914 0.5368694519519498 0.2282129726701498
89.0 -0.9640011787414551 -0.288126677274704 0.49043574929237366 0.8057270329879779 -0.05682528105815046 0.542849181335157 0.22997739469087358
90.0 -0.9751785397529602 -0.2956760823726654 0.5047675967216492 0.8011859093940934 -0.05780174273481168 0.5486754655192837 0.23176568051024232
91.0 -0.9856364727020264 -0.3021617829799652 0.5198324918746948 0.7966324354706051 -0.05891438461764474 0.5543634031672783 0.23363877090519494
92.0 -0.9954657554626465 -0.3090563118457794 0.533812940120697 0.7923536341425382 -0.06000961516432407 0.5594864846982595 0.23568928271970027
93.0 -1.005653738975525 -0.3158237636089325 0.5480206608772278 0.7876434243729686 -0.06082050509959105 0.5652530321794852 0.23750307748185512
94.0 -1.0151795148849487 -0.32277145981788635 0.5612393021583557 0.7829990370133592 -0.061426143431687945 0.5709519005920988 0.2390674886920677
95.0 -1.0214487314224243 -0.3288275897502899 0.575660228729248 0.7784742136001815 -0.061616485987322854 0.5764680372900302 0.240553340024896
96.0 -1.025840163230896 -0.3350500464439392 0.590336263179779 0.7738646370188121 -0.06164160715137527 0.5821632972414779 0.24170174013537474
97.0 -1.0306435823440552 -0.3432278633117676 0.6050428748130798 0.7694582922536726 -0.06201426765967769 0.5876271420619037 0.24245104454477986
98.0 -1.0362083911895752 -0.3515613377094269 0.6204651594161987 0.7648107019480781 -0.06225012529016434 0.5934349347886777 0.24294956320068717
99.0 -1.0406174659729004 -0.35761165618896484 0.6362336874008179 0.7600656950507488 -0.0620217479957265 0.5993166797111715 0.24346038569457984
100.0 -1.043920636177063 -0.36228612065315247 0.6512764692306519 0.755103357126997 -0.062231542494758096 0.6052552249286807 0.24415623660024377
101.0 -1.0469892024993896 -0.3662404417991638 0.6678141951560974 0.7496045967637871 -0.062478686952738734 0.6117200199869315 0.24492443596842264
102.0 -1.0500539541244507 -0.37068971991539 0.6857631802558899 0.7440032800688232 -0.06265351155857216 0.6182333328307652 0.24560375183041558
103.0 -1.0524907112121582 -0.3764437437057495 0.7042093276977539 0.7375662297315069 -0.06352423171560483 0.6255397487571487 0.24629403457947502
104.0 -1.0533403158187866 -0.3809078633785248 0.7226195931434631 0.7301950346418459 -0.06468557965238879 0.6337078997901161 0.24707344032297007
105.0 -1.0535918474197388 -0.38624563813209534 0.7412492036819458 0.7217780991525962 -0.06648535624552435 0.642618423371109 0.2483095546542677
106.0 -1.0544381141662598 -0.39197468757629395 0.7585923075675964 0.713412707475978 -0.06827102007652079 0.6512765754632494 0.2494397700495422
107.0 -1.0538396835327148 -0.39770179986953735 0.7785348892211914 0.7051962108269907 -0.06956802686957536 0.6594100044111323 0.25107178247513
108.0 -1.0519076585769653 -0.40385839343070984 0.801387369632721 0.6970693864208989 -0.07104361631527367 0.6671321493932303 0.25294618072152886
109.0 -1.0495399236679077 -0.40964004397392273 0.8248286247253418 0.6885372220381284 -0.07247604683672076 0.6751609605208881 0.2546004593307918
110.0 -1.046555757522583 -0.41600558161735535 0.8485692143440247 0.6790228106209365 -0.0743545596349448 0.6838345982493806 0.256455969622556
111.0 -1.0425163507461548 -0.4219358563423157 0.871580183506012 0.6694796671904788 -0.07595487449250135 0.6921840821274806 0.2586677960409667
112.0 -1.0389329195022583 -0.4280236065387726 0.891621470451355 0.6600156016218767 -0.07750606411387963 0.7002302197248977 0.26086367134062355
113.0 -1.0344343185424805 -0.43364429473876953 0.9103359580039978 0.6508272790307843 -0.0792959897521471 0.7077527344629057 0.26310086609301137
114.0 -1.0274934768676758 -0.4385451078414917 0.9302101731300354 0.6415538598002448 -0.08135249673523526 0.7150863065155375 0.26540910022890735
115.0 -1.019467830657959 -0.4431236684322357 0.9530783891677856 0.6325906492000275 -0.08275562767484866 0.7219652258357746 0.2678559114836348
116.0 -1.0117261409759521 -0.44961100816726685 0.9772700071334839 0.6240016318750105 -0.08437780252190032 0.7284538712280959 0.2699209279616902
117.0 -1.0041159391403198 -0.4571787118911743 0.998283326625824 0.6158806732896814 -0.08588374392742713 0.7344761098053701 0.27177163745031696
118.0 -0.9971842765808105 -0.464036762714386 1.0166352987289429 0.6079357626768308 -0.08729361721695844 0.7403023278959604 0.2733978715417168
119.0 -0.991887092590332 -0.4701637029647827 1.0334755182266235 0.5998922415442317 -0.08813282380991214 0.7460857811045916 0.2751688774841365
120.0 -0.9880377054214478 -0.47587066888809204 1.0488039255142212 0.5921681757809832 -0.08930948203384581 0.7515302796546258 0.2767000303095546
121.0 -0.9860460162162781 -0.4815238416194916 1.0622743368148804 0.5842757891504651 -0.09125794008388673 0.7569182651127465 0.2781519917652169
122.0 -0.9844202995300293 -0.48431169986724854 1.0746161937713623 0.5763175835768337 -0.0926006919860087 0.7621567991116134 0.280000300485216
123.0 -0.9836261868476868 -0.4878132939338684 1.0880318880081177 0.5686737890444797 -0.09413969040362656 0.7670396205436131 0.2817766151773673
124.0 -0.9811913967132568 -0.49089792370796204 1.1048476696014404 0.5610665948783073 -0.09552493547878622 0.772004231069973 0.2829995230093064
125.0 -0.9785484671592712 -0.4946930408477783 1.1222987174987793 0.5537597968845769 -0.09676883549925497 0.7766880302353851 0.28415063526155915
126.0 -0.9754429459571838 -0.498266339302063 1.1378767490386963 0.5455174495534854 -0.09812287089570929 0.7819376550102656 0.28522993902620314
127.0 -0.9718450307846069 -0.5021181702613831 1.154165506362915 0.5368136081722618 -0.09936870359823023 0.7874632426150215 0.2861095111255834
128.0 -0.9681066274642944 -0.5073832869529724 1.171582818031311 0.5282160102893312 -0.10011838673444726 0.7929351318441447 0.2867368685729507
129.0 -0.9621181488037109 -0.5119367837905884 1.1886324882507324 0.5194902565463413 -0.10067712383331638 0.7984370267398048 0.2872147357308949
130.0 -0.9556276202201843 -0.5158872604370117 1.2059762477874756 0.5110789797461252 -0.10066342181038754 0.8037042092217368 0.2876190119765145
131.0 -0.9486643075942993 -0.518953800201416 1.2242828607559204 0.5028532732000907 -0.10026840957724587 0.8089024403921101 0.287683286967619
132.0 -0.9432588219642639 -0.5224292874336243 1.242928147315979 0.4952616092682933 -0.09945188877289117 0.8137924892801237 0.2873448182858787
133.0 -0.9389231204986572 -0.5251150727272034 1.2594263553619385 0.4874117679221067 -0.09916424975508756 0.8186197088253759 0.28715499714302983
134.0 -0.9358854293823242 -0.5283060669898987 1.2751504182815552 0.47868491575681044 -0.09905989727261996 0.8237162521347128 0.28729675276336747
135.0 -0.9330219626426697 -0.5312955379486084 1.291784405708313 0.4695672191337918 -0.09900744704774403 0.8289262027499142 0.2873769345974962
136.0 -0.9302425980567932 -0.5353821516036987 1.309931755065918 0.4598114886929068 -0.09907479096083531 0.8343856947933799 0.2873292414395868
137.0 -0.9268627166748047 -0.5372207164764404 1.32587468624115 0.4498588702891343 -0.0991795939881711 0.8399111658503455 0.2869488428944067
138.0 -0.9225894808769226 -0.5388765931129456 1.3385967016220093 0.44084693865846997 -0.09931172639471515 0.8446189765439368 0.2870713189049528
139.0 -0.9185497164726257 -0.5409958958625793 1.3521029949188232 0.4320534094686035 -0.09886369240467334 0.8492200329182717 0.2870211793247301
140.0 -0.9139607548713684 -0.5445184111595154 1.3660279512405396 0.422752949655795 -0.09833186921656133 0.8539869135618389 0.2869096347612367
141.0 -0.9090406894683838 -0.5486581921577454 1.377380132675171 0.4136046580069682 -0.09795759956585803 0.8585392333489787 0.2867854256456937
142.0 -0.90293288230896 -0.5524690747261047 1.3869554996490479 0.4039474212067961 -0.09768177991291652 0.8633403303293866 0.2862310688939434
143.0 -0.8947162628173828 -0.5559647083282471 1.3973257541656494 0.3934716374897724 -0.09739857919230598 0.8683754421379575 0.28568807947505326
144.0 -0.8856030106544495 -0.5605543851852417 1.4079358577728271 0.3830119048268056 -0.09697259178585929 0.8731302242165445 0.28555526393824704
145.0 -0.8750312328338623 -0.5643358826637268 1.4179174900054932 0.3723859483732333 -0.09684064501567113 0.8777404309035945 0.28552115663167354
146.0 -0.8633920550346375 -0.5672780871391296 1.42707097530365 0.36159508945853736 -0.09653866741756695 0.8821307128039443 0.2859627292160957
147.0 -0.8518081903457642 -0.5693610906600952 1.4363049268722534 0.350615443464147 -0.0958771641870136 0.8865451668359751 0.28620630208237724
148.0 -0.8383821845054626 -0.5710538029670715 1.4453331232070923 0.33971427047677555 -0.09550433024412033 0.8906547995128731 0.2867179196418287
149.0 -0.8241525888442993 -0.5710241198539734 1.4537625312805176 0.32841239512620046 -0.0947031620142719 0.8947507078674768 0.2873982961025002
150.0 -0.8109249472618103 -0.5719768404960632 1.461648941040039 0.31653929281847265 -0.09415052509463326 0.8987392585195424 0.2884550223555299
151.0 -0.7988888025283813 -0.5747371315956116 1.4696712493896484 0.3041961148494387 -0.09402919135275159 0.9025823710008347 0.2897728393803778
152.0 -0.7862070202827454 -0.5767766237258911 1.4774553775787354 0.29217434003258996 -0.09373436251173387 0.9060748553593971 0.29133551241907796
153.0 -0.7725702524185181 -0.5777053236961365 1.4866186380386353 0.2801568816182628 -0.09300141446205387 0.9094711051566385 0.29278860543940294
154.0 -0.7565099596977234 -0.5789366364479065 1.4958499670028687 0.2669095692756928 -0.0922987959629118 0.9129735746655645 0.2944816905263246
155.0 -0.7398223280906677 -0.5803921222686768 1.5030781030654907 0.2544505345387774 -0.09141837244544629 0.9160533229389511 0.2962159958288238
156.0 -0.7227757573127747 -0.5820578932762146 1.5092449188232422 0.24227733080856492 -0.09014441303959189 0.9188943962473726 0.2980080004281786
157.0 -0.7050628662109375 -0.5843649506568909 1.5149867534637451 0.23048132441273775 -0.08822657425570814 0.9214369355347873 0.3000806633628907
158.0 -0.6851876378059387 -0.5866464972496033 1.5202528238296509 0.2180554508105902 -0.0876850918052818 0.9239097739219659 0.3019169996842699
159.0 -0.6669929623603821 -0.5881856083869934 1.5239686965942383 0.20560799901793425 -0.08738216474596475 0.9262270200534053 0.3036333567761273
160.0 -0.650341272354126 -0.5915203094482422 1.5276614427566528 0.19354602387657546 -0.08659784152650596 0.9281714099863709 0.30584078238264795
161.0 -0.6360006332397461 -0.5944511890411377 1.5305927991867065 0.18136092068652263 -0.08579140087299184 0.9302084425694482 0.3073439528549536
162.0 -0.6234974265098572 -0.5977934002876282 1.5333153009414673 0.16963606702754574 -0.08463563172369883 0.9319665605222494 0.3090287117315879
163.0 -0.6123670339584351 -0.6001884937286377 1.5359281301498413 0.15939941323817605 -0.08306736590290162 0.9334730436527205 0.3103541792130482
164.0 -0.5993860960006714 -0.6024354696273804 1.5406138896942139 0.1501796719176014 -0.0820496685755371 0.9347716836057142 0.31131305394779824
165.0 -0.586233377456665 -0.60542893409729 1.5464366674423218 0.1423934129739278 -0.08072745714166615 0.935744398684167 0.31239336410411084
166.0 -0.5730531215667725 -0.6101567149162292 1.5518347024917603 0.13504484954998566 -0.07910065243355036 0.9362925021398605 0.31442379972147116
167.0 -0.5592186450958252 -0.6147257685661316 1.5578160285949707 0.12785523322935832 -0.07709821816677914 0.9368075184020164 0.31638675313108444
168.0 -0.5437175035476685 -0.6201391220092773 1.564855933189392 0.12000737007554813 -0.07610927298763256 0.9373231504399928 0.31816807090292865
169.0 -0.5295335650444031 -0.6253251433372498 1.5719107389450073 0.11203883532650569 -0.07502937613979606 0.937878816409651 0.31968925196944814
170.0 -0.5183335542678833 -0.6302121877670288 1.5783706903457642 0.10396202170771911 -0.07469974277082425 0.9383924602348782 0.3209851040885682
171.0 -0.5081950426101685 -0.6332679390907288 1.5844380855560303 0.0953792485454937 -0.07447277669372082 0.9389688135289832 0.3220157941753755
172.0 -0.49849259853363037 -0.637897253036499 1.5916619300842285 0.08749748122923848 -0.07379576672252691 0.9393649218426541 0.32325209852979736
173.0 -0.48694536089897156 -0.6422603130340576 1.5997191667556763 0.07997488290615135 -0.07202357193126767 0.9396794071661465 0.3246832840450649
174.0 -0.4742618203163147 -0.6450347304344177 1.607462763786316 0.0733957802118674 -0.07151661944944235 0.9399182921845595 0.32565631669979334
