0.0 0.0 0.0 0.0 1.0 0.0 0.0 0.0
1.0 -0.0019443975761532784 0.0003247128042858094 0.0004670259077101946 0.999999997945156 8.71297786867657e-06 5.816695161430737e-05 -2.5502504217156482e-05
2.0 -0.0035823348443955183 0.00046052696416154504 0.000522197806276381 0.999999986271207 -5.1196869280148354e-05 0.00010101437996318589 -0.00012096512384967863
3.0 -0.006270290352404118 -2.3616099497303367e-05 0.00033601332688704133 0.9999998736769138 -0.00020758916666738738 0.0001879982445346032 -0.0004173841806542909
4.0 -0.007593016605824232 -0.00030990593950264156 0.0002982223522849381 0.999999804463044 -0.00027814868849319446 0.00020334992859143844 -0.0005218773682246756
5.0 -0.008959081023931503 -0.0008093704236671329 -7.5190095230937e-05 0.9999996375418831 -0.00034726488791279924 0.0002271579826063567 -0.000743453059004639
6.0 -0.010443084873259068 -0.0013447748497128487 -0.001023835618980229 0.9999994777800572 -0.0004511908403685968 0.0002281692123977499 -0.0008881470875343979
7.0 -0.011641408316791058 -0.0016877315938472748 -0.002489687642082572 0.9999993832073821 -0.0005352073711270832 0.00020267921995773146 -0.000951871345708871
8.0 -0.013723626732826233 -0.0032908483408391476 -0.004441036377102137 0.9999992901236389 -0.0005898690721365049 0.00012724411316568393 -0.0010274315702789045
9.0 -0.015676608309149742 -0.004365807399153709 -0.006356700323522091 0.9999990764586814 -0.0006869262586341073 0.0001003440867581032 -0.0011683942672899386
10.0 -0.01733122579753399 -0.005610831081867218 -0.009189924225211143 0.9999989839317086 -0.0006515574290364639 -2.6847859824554918e-05 -0.0012676307267783093
11.0 -0.019069654867053032 -0.007219844497740269 -0.013245385140180588 0.9999987007554298 -0.0006659678474736404 -4.638959444252749e-05 -0.0014672499050801347
12.0 -0.020012030377984047 -0.008399248123168945 -0.017470471560955048 0.9999985470260059 -0.0006388495708291458 -7.807249898294892e-05 -0.0015785188589648134
13.0 -0.02024158462882042 -0.0096770990639925 -0.022190412506461143 0.9999982816736726 -0.0005503056483245433 -0.00010812553483364936 -0.0017669528189477237
14.0 -0.020094746723771095 -0.010557915084064007 -0.028455767780542374 0.9999979110826307 -0.0005487702759293438 -0.00011184462296349307 -0.001965749816098041
15.0 -0.019897684454917908 -0.01231224462389946 -0.035896364599466324 0.9999973240282929 -0.0005322036973913907 -7.529044276049535e-05 -0.002250117069644612
16.0 -0.018691256642341614 -0.014354925602674484 -0.044847920536994934 0.9999967876444525 -0.0004917529128964842 -2.8923760418030447e-06 -0.002486538051700908
17.0 -0.017402704805135727 -0.016380365937948227 -0.055910512804985046 0.9999964626964495 -0.0004753391063672601 0.00010357113698268293 -0.0026149417473659738
18.0 -0.01624898798763752 -0.01799885183572769 -0.068242147564888 0.9999959355385866 -0.0005157028230380275 0.00020201259948833292 -0.0027968102929657305
19.0 -0.015562332235276699 -0.019210387021303177 -0.08178648352622986 0.999995369500336 -0.0006113303594564103 0.00029319509812896524 -0.0029666967678953163
20.0 -0.016181424260139465 -0.019290423020720482 -0.09557456523180008 0.999994657532277 -0.0007201614003134 0.00046318582485653336 -0.00315463680209845
21.0 -0.016420193016529083 -0.01989128440618515 -0.11193852871656418 0.9999943329054248 -0.0008926464393400385 0.0004547010764532934 -0.003214122944082129
22.0 -0.016179272904992104 -0.020595068112015724 -0.12873929738998413 0.9999941330101103 -0.0009873181855509538 0.00045367354351849673 -0.003248588689602649
23.0 -0.015360154211521149 -0.0221358984708786 -0.14666946232318878 0.9999938721193339 -0.0011578874774178917 0.0005066036298254245 -0.003264716393977166
24.0 -0.014081225730478764 -0.023445434868335724 -0.16195125877857208 0.9999935337074354 -0.0013342141185300291 0.000612062046356077 -0.0032829553840806754
25.0 -0.013444778509438038 -0.024790793657302856 -0.17727713286876678 0.9999930600047121 -0.0014102667869242663 0.0006446809749193814 -0.0033875472605429326
26.0 -0.012726246379315853 -0.026426194235682487 -0.1916564255952835 0.9999927580922463 -0.0014781087450339004 0.0006371710482395113 -0.0034486186589993786
27.0 -0.01238160952925682 -0.02791818231344223 -0.20563754439353943 0.9999925620058591 -0.0015628547299072523 0.0006656003728584116 -0.003462714859025889
28.0 -0.012776663526892662 -0.028901806101202965 -0.21981564164161682 0.9999921445978603 -0.0016270136934319946 0.0007756577303988986 -0.0035301450535009707
29.0 -0.013918965123593807 -0.029282696545124054 -0.23324625194072723 0.9999918623933178 -0.0016347572988102486 0.0007589588501373131 -0.0036092516096016543
30.0 -0.01480394508689642 -0.02997869998216629 -0.24745675921440125 0.9999919300962646 -0.001625409107602803 0.0006169476424067744 -0.003621762442078279
31.0 -0.015558798797428608 -0.030431440100073814 -0.26202282309532166 0.9999920408804618 -0.001684248372834681 0.0004704168650489863 -0.0035861108628514075
32.0 -0.016574716195464134 -0.03165585175156593 -0.27784425020217896 0.9999921312153874 -0.0018111163564150554 0.00043709318767077085 -0.0035023298525716905
33.0 -0.017543122172355652 -0.03236434981226921 -0.29444605112075806 0.9999922232959166 -0.001910810766669044 0.0005818328800995994 -0.0034005323705612726
34.0 -0.01853407360613346 -0.03295090049505234 -0.31249749660491943 0.9999923149174804 -0.001966558053325625 0.0006919269429425563 -0.003320239826756469
35.0 -0.02140696719288826 -0.03272951766848564 -0.3319886326789856 0.9999916374083332 -0.002228011631657227 0.0007519437530397511 -0.003345991357127332
36.0 -0.0243949294090271 -0.03215763717889786 -0.3503094017505646 0.999991671778787 -0.0024104307183846984 0.000769031667940038 -0.003202309652771523
37.0 -0.028875727206468582 -0.03173576295375824 -0.37043631076812744 0.9999908373978228 -0.002660360658112785 0.001058304348225918 -0.0031823880147224645
38.0 -0.033365827053785324 -0.030717818066477776 -0.3906894326210022 0.9999893004256281 -0.0029415127999982854 0.0013785381530630595 -0.003293352284698965
39.0 -0.03718896210193634 -0.030902445316314697 -0.4108435809612274 0.9999879437981293 -0.0031828354959140904 0.0015840777236841384 -0.0033871100308164727
40.0 -0.04060627147555351 -0.031981341540813446 -0.42984747886657715 0.9999876562775675 -0.0033168098888681596 0.001610177821660274 -0.003330674412407301
41.0 -0.04416052624583244 -0.03311507776379585 -0.4493415653705597 0.9999880769255091 -0.003203704204659526 0.0015158847996732763 -0.0033592230448924055
42.0 -0.04714662581682205 -0.033606868237257004 -0.466104120016098 0.9999877133484797 -0.0032477856595141534 0.0015335252148600228 -0.003416627109330093
43.0 -0.05023830011487007 -0.03516934812068939 -0.48290619254112244 0.9999876998921815 -0.0031731083242031335 0.0013797566618344674 -0.003553550261556287
44.0 -0.052093327045440674 -0.03768908604979515 -0.49943310022354126 0.9999879535548306 -0.0030285976081029296 0.0011997353445103746 -0.0036716449791998093
45.0 -0.0533992201089859 -0.03917381167411804 -0.5153376460075378 0.9999887274798872 -0.002720839931773237 0.001188088266539518 -0.003705454019772023
46.0 -0.05413372442126274 -0.039955735206604004 -0.5320523977279663 0.9999895709578477 -0.002449441647371157 0.0011360128592666774 -0.0036834339873885093
47.0 -0.05524641275405884 -0.040844812989234924 -0.5497059226036072 0.9999893657378521 -0.002311514462092068 0.0010771065109534696 -0.0038425452064607393
48.0 -0.05567597970366478 -0.042221397161483765 -0.5683702230453491 0.9999902050776254 -0.0020435246444623955 0.0008772391676161625 -0.0038267750494455017
49.0 -0.055398158729076385 -0.045281313359737396 -0.5892114043235779 0.9999903854584541 -0.0018649858228006627 0.0007351760484886422 -0.003900042911409244
50.0 -0.05451836809515953 -0.0471433587372303 -0.611811101436615 0.9999901760524889 -0.0017070808131987257 0.0006387822235001279 -0.004040498840563584
51.0 -0.05251481384038925 -0.048705942928791046 -0.6348429918289185 0.9999903334862581 -0.0014591830827492185 0.00032575532854825447 -0.0041349246957126905
52.0 -0.04923274740576744 -0.048610709607601166 -0.6596631407737732 0.9999907449390552 -0.0012382956822365463 9.788977073215598e-06 -0.004120262638830668
53.0 -0.04443906620144844 -0.04782971367239952 -0.6826319098472595 0.9999913675161826 -0.0011143820675991885 -0.0002179638003837845 -0.003996941018374828
54.0 -0.04033896327018738 -0.04809906333684921 -0.7050092220306396 0.9999918482594343 -0.0008915785539918228 -0.00033902384800708424 -0.003923463418073204
55.0 -0.03551483899354935 -0.04947049915790558 -0.7268232107162476 0.9999922373264734 -0.0006469164492152005 -0.0004397830378824934 -0.003861784144847547
56.0 -0.03152455762028694 -0.051083967089653015 -0.748425304889679 0.9999921141622721 -0.000448670108847509 -0.0006700891800905438 -0.003888610149331471
57.0 -0.027542125433683395 -0.05342835560441017 -0.7685973644256592 0.9999920458473848 -0.00019363368515166627 -0.0009639850296481615 -0.0038654211698854538
58.0 -0.023527879267930984 -0.05607769265770912 -0.7880178689956665 0.9999920082171906 0.00019219739301576795 -0.001399950220975601 -0.0037398798498383427
59.0 -0.01969374530017376 -0.057724546641111374 -0.8064043521881104 0.9999917173759493 0.0006122066294214673 -0.0018137257405499037 -0.003591765788649765
60.0 -0.01730995997786522 -0.0593944750726223 -0.8234844207763672 0.9999914762516404 0.0009030914457904614 -0.002247110950720581 -0.003344000939075406
61.0 -0.013906769454479218 -0.05978643149137497 -0.8417273163795471 0.9999907511877157 0.001207109552931539 -0.0026806554541320385 -0.003139189687043646
62.0 -0.011066257953643799 -0.06138359010219574 -0.8606253266334534 0.99998917629459 0.001627178222022726 -0.003234556606692016 -0.0029218535656436702
63.0 -0.010034666396677494 -0.06403132528066635 -0.8816264271736145 0.9999873648234796 0.0020088562355032084 -0.0037103359288551785 -0.002732781973202845
64.0 -0.009571866132318974 -0.06631142646074295 -0.9036390781402588 0.999984521545667 0.002452250571654889 -0.0043328751555454965 -0.002483813419679125
65.0 -0.008186649531126022 -0.06769170612096786 -0.9262750148773193 0.999981180354943 0.0028199366591819775 -0.0050048158955271465 -0.00215376670629064
66.0 -0.007271359208971262 -0.0689794048666954 -0.9507508277893066 0.9999783210063189 0.0031740061916677516 -0.005536588187281881 -0.0016215404167723578
67.0 -0.006654682569205761 -0.06855951249599457 -0.9754009246826172 0.9999745854746778 0.0035305663164455687 -0.006057436254361826 -0.001292660920695933
68.0 -0.008361737243831158 -0.06716842949390411 -1.0001879930496216 0.9999717277763577 0.003732929708526869 -0.006432147133349881 -0.001111920416345937
69.0 -0.01132048387080431 -0.06586688756942749 -1.0254130363464355 0.9999688013132868 0.003911662972316904 -0.00680561927242658 -0.0008825186559418095
70.0 -0.014860897324979305 -0.06650111079216003 -1.0510040521621704 0.9999650378632371 0.004099109378988697 -0.007257726310625829 -0.0006676543071591389
71.0 -0.01590970903635025 -0.06892582774162292 -1.0741018056869507 0.9999600293953701 0.004437187589238981 -0.007755058577745489 -0.0003317293539519415
72.0 -0.015274831093847752 -0.07069864124059677 -1.0960255861282349 0.999954662084195 0.0049556685826101865 -0.00813067273570467 -8.53571760097173e-05
73.0 -0.016035523265600204 -0.07247089594602585 -1.1179344654083252 0.999950831506023 0.005474206360555173 -0.008268464717800026 1.1240357197368484e-05
74.0 -0.015704136341810226 -0.07395260035991669 -1.1383706331253052 0.9999449605297376 0.006096726072378569 -0.008535353879310034 0.000231466055440103
75.0 -0.015449021942913532 -0.07472395896911621 -1.1591428518295288 0.9999393963180718 0.0068613603225292155 -0.008595037397510382 0.0005007571365844403
76.0 -0.015347722917795181 -0.0761486068367958 -1.1823768615722656 0.9999327829586592 0.007647404631972096 -0.008690888974516614 0.000644372391170066
77.0 -0.015624504536390305 -0.07760244607925415 -1.2050862312316895 0.9999274759956805 0.00829462583146023 -0.008702753030821896 0.0007099442992876466
78.0 -0.015726102516055107 -0.07865912467241287 -1.2299546003341675 0.9999218804589448 0.0089865270500369 -0.008652726565503215 0.000778224909099716
79.0 -0.014790100045502186 -0.08095122128725052 -1.2564221620559692 0.9999161842616271 0.00961003291365055 -0.008632677470799923 0.000865216014445665
80.0 -0.012474738992750645 -0.08189316838979721 -1.2836002111434937 0.9999108591911317 0.010230636960358114 -0.008532969420591563 0.000892284654960538
81.0 -0.008500912226736546 -0.0819348692893982 -1.3116623163223267 0.9999047130372573 0.010870122336229375 -0.008451291958478485 0.000990429456415672
82.0 -0.005041062831878662 -0.08145377784967422 -1.3384480476379395 0.9999012419105743 0.0113718042098977 -0.008188646037764804 0.0010651623214314185
83.0 -0.0005311425775289536 -0.08146557211875916 -1.36663818359375 0.9998969256106185 0.011930397265778093 -0.007912843741940498 0.0010911825830689005
84.0 0.006322620902210474 -0.08249928802251816 -1.3941558599472046 0.9998913457747867 0.012483413504800228 -0.007764922949365669 0.001080279382762431
85.0 0.013870079070329666 -0.08177828788757324 -1.4210892915725708 0.9998845814619426 0.013290850140783244 -0.00729715530533553 0.0009636294209288044
86.0 0.02233600988984108 -0.0804523155093193 -1.4480726718902588 0.9998787247290081 0.01385843423424693 -0.007035920089239338 0.0009876554891473117
87.0 0.028914276510477066 -0.07939448952674866 -1.4727715253829956 0.999871070863357 0.014631292652770706 -0.006540016683379796 0.0009975508276381167
88.0 0.03307226300239563 -0.07870500534772873 -1.4969910383224487 0.9998662272452208 0.015194308406638463 -0.0059957993690277905 0.0008432060120833861
89.0 0.03755424916744232 -0.07769934833049774 -1.5203503370285034 0.9998579562486913 0.015856331905021656 -0.005660896246186673 0.0007735104379687262
90.0 0.043099332600831985 -0.07654829323291779 -1.5425031185150146 0.9998475388989779 0.016582996423241 -0.005405222799923625 0.0008287060799242399
91.0 0.0477922260761261 -0.07538677006959915 -1.564878225326538 0.9998369327520239 0.017310414302054513 -0.005056332339924662 0.0009439094153896653
92.0 0.05190787464380264 -0.07578784227371216 -1.5876957178115845 0.999827323415436 0.01794733865505933 -0.004724745026333409 0.0009450775428592032
93.0 0.05546071007847786 -0.0776762068271637 -1.6108379364013672 0.9998179489522684 0.018590016519063002 -0.004211424025761807 0.0008626391918880536
94.0 0.05683992803096771 -0.07951176166534424 -1.638263463973999 0.9998068233061361 0.019268299745149816 -0.0037882574553088286 0.0008353447647800651
95.0 0.053816333413124084 -0.08081948757171631 -1.6670805215835571 0.9997982474737209 0.019834043156249016 -0.003100512329203696 0.0006796350849048804
96.0 0.05012393742799759 -0.079751156270504 -1.6966100931167603 0.9997899660181845 0.020331018904333437 -0.0025173699588970535 0.0005799725502867541
97.0 0.048063427209854126 -0.07792919874191284 -1.7258049249649048 0.9997829163331913 0.02072390217286929 -0.0020609906811786234 0.0006264219347974693
98.0 0.04563072696328163 -0.0754474550485611 -1.756212830543518 0.9997761183018328 0.021089272905870093 -0.0015671738333380828 0.0007069708604984398
99.0 0.04261701554059982 -0.07084225863218307 -1.7846037149429321 0.9997702232113537 0.021393829142529776 -0.0009743748539021807 0.000924904419112335
100.0 0.03885412961244583 -0.06817759573459625 -1.813788652420044 0.9997668939277855 0.021567006495201727 -0.0004877488163667593 0.0008855156217322536
101.0 0.03399353474378586 -0.06600321829319 -1.840911626815796 0.999757891584315 0.021981462145651127 9.907982857388773e-05 0.0009816924221672484
102.0 0.029274355620145798 -0.06417675316333771 -1.8682633638381958 0.9997504497312834 0.02231770154063391 0.0005540611081715097 0.0008071408354355795
103.0 0.024535639211535454 -0.06257780641317368 -1.8940017223358154 0.9997420277779021 0.0226745815465575 0.00105676640288409 0.0007902474212858413
104.0 0.021202966570854187 -0.060484517365694046 -1.9189808368682861 0.9997354714037984 0.022941225301486703 0.0014184537223542993 0.0008218197667710699
105.0 0.017086606472730637 -0.05693584680557251 -1.9433047771453857 0.9997263831417086 0.023291188484037995 0.0019680263009430386 0.0008979208637782693
106.0 0.01318872720003128 -0.053775604814291 -1.9671906232833862 0.9997201382300088 0.023507606460610356 0.00251601950871226 0.0008410123049444577
107.0 0.010089708492159843 -0.052177079021930695 -1.9929121732711792 0.9997130944238295 0.02374486577316322 0.0030423930756511026 0.0008087220283790962
108.0 0.006935910787433386 -0.0502786822617054 -2.0196785926818848 0.9997056158864824 0.02397990719222483 0.00361964099845806 0.0007374382167597277
109.0 0.005142007488757372 -0.049637410789728165 -2.047776222229004 0.9997003368798977 0.024096632516452523 0.004254907733944011 0.0006960630442264673
110.0 0.004739886615425348 -0.04817282035946846 -2.076580047607422 0.9996947559467666 0.0242303946057436 0.0047624345679256035 0.0007759682796809522
111.0 0.004218940157443285 -0.04662211239337921 -2.106241464614868 0.9996893872317255 0.024314842304011135 0.005427854870561101 0.0006751973727669031
112.0 0.005484359804540873 -0.04378662258386612 -2.134861469268799 0.9996844377839423 0.024387287266848925 0.00598469860906141 0.0006844376714642169
113.0 0.007718039210885763 -0.04063722863793373 -2.165926456451416 0.9996818370920572 0.02436020507697097 0.006502959161179834 0.0007186925669836412
114.0 0.010801609605550766 -0.03770380839705467 -2.1953213214874268 0.9996799605678804 0.024333999344603723 0.006886529995648865 0.0006392335387255036
115.0 0.013594353571534157 -0.03284751623868942 -2.2220208644866943 0.9996706536379529 0.024566256917028056 0.007393943717439453 0.0006425515215130651
116.0 0.01591845601797104 -0.027804052457213402 -2.2479407787323 0.999665783840435 0.02464989396134934 0.00775871017363937 0.0007111700388390623
117.0 0.018185680732131004 -0.022981252521276474 -2.2705938816070557 0.9996596572819347 0.024789584315992614 0.008090066662550318 0.0007726149109882532
118.0 0.018535759299993515 -0.020951073616743088 -2.2946815490722656 0.9996542759464592 0.024863383106877687 0.008515055032878294 0.0007966179938821094
119.0 0.018989792093634605 -0.018714163452386856 -2.3184831142425537 0.9996469613487254 0.025009980532513385 0.00894301822166585 0.0006899022466931883
120.0 0.019311459735035896 -0.01623627357184887 -2.3407464027404785 0.9996383755913667 0.0252158135725899 0.009315322309443628 0.0007110282674508126
121.0 0.021589305251836777 -0.013830030336976051 -2.3634748458862305 0.9996317915192823 0.02536489337427677 0.009610107074083458 0.0007412220223793739
122.0 0.023669494315981865 -0.013442707248032093 -2.387471914291382 0.9996257370996339 0.02548604677532949 0.009910480517278287 0.0007934252933564024
123.0 0.02570076286792755 -0.013502607122063637 -2.412306308746338 0.9996203971088057 0.025619901912849942 0.010095484416595616 0.0008737873904009557
124.0 0.02774118259549141 -0.013779446482658386 -2.4360575675964355 0.999615134171762 0.025756305079103765 0.010267986656541321 0.0008744904021658754
125.0 0.02836225926876068 -0.012254707515239716 -2.463074207305908 0.9996081162793157 0.025929685325792005 0.010508239837481198 0.0009177052585052303
126.0 0.02784673497080803 -0.009269431233406067 -2.4894826412200928 0.9996025398996746 0.026053682407819013 0.010725929287279914 0.0009603645329904933
127.0 0.028160173445940018 -0.003644307143986225 -2.516144037246704 0.9995916987371387 0.026410076993335065 0.010858719706988746 0.0010158028020498156
128.0 0.027203215286135674 0.001683264970779419 -2.545220136642456 0.9995856707756218 0.026604748509978373 0.010899625634955609 0.0013683193300995152
129.0 0.025906413793563843 0.007550281938165426 -2.572657823562622 0.9995818168978413 0.026743285382514137 0.010895577582459957 0.0015081124973213345
130.0 0.024983393028378487 0.012734537944197655 -2.59773850440979 0.9995756808085405 0.02697188945307062 0.01082396852260445 0.001953770942460964
131.0 0.02374488115310669 0.015407186932861805 -2.6192691326141357 0.9995771483707557 0.026952529233519602 0.010668505675271302 0.00229534519435556
132.0 0.02307034097611904 0.018246933817863464 -2.6411421298980713 0.9995710282136453 0.027213664011531812 0.01051154736044181 0.0025852309515188125
133.0 0.022403467446565628 0.021164504811167717 -2.6609601974487305 0.9995621517174007 0.027602280509043176 0.010257831346633033 0.002897561189043065
134.0 0.020947694778442383 0.02367931790649891 -2.680990695953369 0.9995579757513876 0.027811706786884327 0.010092828476418101 0.0029149426639920413
135.0 0.020121578127145767 0.027202719822525978 -2.702181100845337 0.9995509784252791 0.028153973116750317 0.009804984394549882 0.0030095859899748486
136.0 0.01877719536423683 0.029186492785811424 -2.7231130599975586 0.9995432234598166 0.028507329602443263 0.009515973776282879 0.0031816407065988588
137.0 0.017485788092017174 0.03116225078701973 -2.745314598083496 0.9995342081090444 0.028925877022340018 0.009082730471653365 0.0034877593801144876
138.0 0.018630292266607285 0.03329729661345482 -2.7670481204986572 0.9995280141444429 0.029259467975863228 0.008653479706889275 0.0035706810552287942
139.0 0.022742319852113724 0.03696462884545326 -2.791323184967041 0.9995196818824607 0.029646013546386043 0.008212890768161125 0.0037507113488411885
140.0 0.027483917772769928 0.041206955909729004 -2.8163864612579346 0.9995155644726191 0.02985675198950778 0.007827709646256457 0.003992204818456657
141.0 0.0339452289044857 0.046995487064123154 -2.842531204223633 0.9995087923364363 0.03015496945966285 0.007325788323549973 0.004380032475209474
142.0 0.04059205949306488 0.05259619280695915 -2.870844841003418 0.9995077397696701 0.030272885765859767 0.006738845087975962 0.0047348172945499865
143.0 0.0469447523355484 0.05969121307134628 -2.8974826335906982 0.9995015275271212 0.03052511082449831 0.006114120278437881 0.005247057587300542
144.0 0.053451281040906906 0.0662858635187149 -2.922574520111084 0.9994925647358158 0.03087594359808826 0.005502602098023044 0.005568708548618127
145.0 0.05950664356350899 0.07153034210205078 -2.946221351623535 0.9994834571017004 0.031227156403654616 0.004973712492121233 0.005739849041647397
146.0 0.06407929211854935 0.07468723505735397 -2.9690630435943604 0.9994738640624882 0.031535748805239947 0.00458714234268984 0.006037361047649517
147.0 0.07002173364162445 0.07727416604757309 -2.990926742553711 0.9994660035454281 0.03182533164404561 0.0039981210266168445 0.006234665262321623
148.0 0.0748286098241806 0.08044841885566711 -3.0113918781280518 0.9994511832720852 0.03233317924033304 0.0035386541069900874 0.006275006243208009
149.0 0.08154557645320892 0.0828884094953537 -3.0323126316070557 0.999434641523728 0.03287711321796566 0.002825480362841928 0.006442779641551735
150.0 0.08691047877073288 0.08543916791677475 -3.0530786514282227 0.9994179936874268 0.03339815358543922 0.002137704814634276 0.006608135062737513
151.0 0.09271447360515594 0.08832927793264389 -3.0721356868743896 0.9993998188242209 0.03391555491851602 0.0015325583824076546 0.006883932995601887
152.0 0.09921693056821823 0.09132091701030731 -3.091846227645874 0.9993788476209924 0.03449865630622444 0.0007780230110345103 0.007152364713612427
153.0 0.1047482118010521 0.09530852735042572 -3.113630533218384 0.9993597005328251 0.03499843489625715 5.099744611084818e-05 0.00743612163799275
154.0 0.11000687628984451 0.0987837016582489 -3.134338855743408 0.9993432148022102 0.03542127571449954 -0.0006830576796573903 0.007616146515597263
155.0 0.11370433121919632 0.10464490950107574 -3.156033992767334 0.9993207966359261 0.035958529648971234 -0.0013062746110265781 0.007951301972803965
156.0 0.11825945228338242 0.11111025512218475 -3.1798524856567383 0.9992948329188353 0.036517972700456446 -0.0021000905033546373 0.008477275001062816
157.0 0.12186193466186523 0.11957964301109314 -3.2022175788879395 0.9992714138122147 0.03699849143960455 -0.0028556437550098512 0.008921797334372712
158.0 0.12447593361139297 0.1273915320634842 -3.2240545749664307 0.9992477634957198 0.0374558826424105 -0.003499526591652592 0.009418987095978186
159.0 0.12560392916202545 0.13423967361450195 -3.245459794998169 0.9992243342407041 0.037899812786125295 -0.0041309773600129536 0.009862508709721675
160.0 0.12799744307994843 0.1420689970254898 -3.2650279998779297 0.9991953136387748 0.038416976665208956 -0.00475056358896171 0.010502059407678902
161.0 0.13020935654640198 0.14923226833343506 -3.2843246459960938 0.9991694322445692 0.0388741055520496 -0.005383368469397938 0.010966719177403616
162.0 0.13337144255638123 0.15487556159496307 -3.299417734146118 0.9991470618379477 0.03922592121273203 -0.005950961850924218 0.011448230372319937
