0.0 0.0 0.0 0.0 1.0 0.0 0.0 0.0
1.0 0.0 0.0 0.0 1.0 0.0 0.0 0.0
2.0 0.0 0.0 0.0 1.0 0.0 0.0 0.0
3.0 0.24175335466861725 0.1637435257434845 -0.9564221501350403 0.9999999084579436 0.00026720933868183515 0.00032885150317811643 5.949758581330163e-05
4.0 0.24175335466861725 0.1637435257434845 -0.9564221501350403 0.9999999084579436 0.00026720933868183515 0.00032885150317811643 5.949758581330163e-05
5.0 0.49258625507354736 0.33950674533843994 -1.9083623886108398 0.9999996240698555 0.00017049974387950377 0.00044491174810065844 0.0007244608486921686
6.0 0.49258625507354736 0.33950674533843994 -1.9083623886108398 0.9999996240698555 0.00017049974387950377 0.00044491174810065844 0.0007244608486921686
7.0 0.35288572311401367 0.1864258348941803 -0.930073082447052 0.9999992943398254 0.00043342155286996056 0.000847440184490263 0.0007108521242850343
8.0 0.35288572311401367 0.1864258348941803 -0.930073082447052 0.9999992943398254 0.00043342155286996056 0.000847440184490263 0.0007108521242850343
9.0 0.40999048948287964 0.03965479135513306 0.05744767189025879 0.9999994549548168 0.0009611422555022653 0.0003889629273962641 0.0001224886737434395
10.0 0.8360528945922852 0.20561960339546204 -0.8318928480148315 0.9999987049413447 0.0008627493077191453 0.000744406177566813 0.0011365028412524377
11.0 -0.11347609758377075 0.18600179255008698 -1.1449580192565918 0.9999553184505003 0.0005899645924418882 0.009127888713488979 0.002386355374238413
12.0 -0.11347609758377075 0.18600179255008698 -1.1449580192565918 0.9999553184505003 0.0005899645924418882 0.009127888713488979 0.002386355374238413
13.0 -0.11347609758377075 0.18600179255008698 -1.1449580192565918 0.9999553184505003 0.0005899645924418882 0.009127888713488979 0.002386355374238413
14.0 -0.11347609758377075 0.18600179255008698 -1.1449580192565918 0.9999553184505003 0.0005899645924418882 0.009127888713488979 0.002386355374238413
15.0 -0.4280909597873688 0.05850747227668762 -0.20433974266052246 0.9999502167227131 -2.987685319805435e-06 0.009321694390756119 0.0035595057182196523
16.0 -0.4280909597873688 0.05850747227668762 -0.20433974266052246 0.9999502167227131 -2.987685319805435e-06 0.009321694390756119 0.0035595057182196523
17.0 -0.4280909597873688 0.05850747227668762 -0.20433974266052246 0.9999502167227131 -2.987685319805435e-06 0.009321694390756119 0.0035595057182196523
18.0 -0.4280909597873688 0.05850747227668762 -0.20433974266052246 0.9999502167227131 -2.987685319805435e-06 0.009321694390756119 0.0035595057182196523
19.0 -0.4280909597873688 0.05850747227668762 -0.20433974266052246 0.9999502167227131 -2.987685319805435e-06 0.009321694390756119 0.0035595057182196523
20.0 -0.4280909597873688 0.05850747227668762 -0.20433974266052246 0.9999502167227131 -2.987685319805435e-06 0.009321694390756119 0.0035595057182196523
21.0 -1.3506557941436768 0.3081896901130676 -0.49850454926490784 0.99982692164304 0.0006560971885753681 0.01717583928682781 0.007119469016321846
22.0 -1.3506557941436768 0.3081896901130676 -0.49850454926490784 0.99982692164304 0.0006560971885753681 0.01717583928682781 0.007119469016321846
23.0 -2.3097543716430664 0.5557082295417786 -0.6358530521392822 0.9996576368313527 0.001021639714331433 0.02371717643004441 0.011002768707728657
24.0 -2.3097543716430664 0.5557082295417786 -0.6358530521392822 0.9996576368313527 0.001021639714331433 0.02371717643004441 0.011002768707728657
25.0 -2.3097543716430664 0.5557082295417786 -0.6358530521392822 0.9996576368313527 0.001021639714331433 0.02371717643004441 0.011002768707728657
26.0 -2.3097543716430664 0.5557082295417786 -0.6358530521392822 0.9996576368313527 0.001021639714331433 0.02371717643004441 0.011002768707728657
27.0 -3.2534525394439697 0.6330565810203552 -0.9574908018112183 0.9993563720745423 0.000883848403178809 0.03263246304451127 0.014872214416743062
28.0 -3.2534525394439697 0.6330565810203552 -0.9574908018112183 0.9993563720745423 0.000883848403178809 0.03263246304451127 0.014872214416743062
29.0 -4.248493671417236 0.6989244222640991 -1.0320175886154175 0.9989731023445795 0.001208237437274297 0.04115098375827148 0.01891765022585673
30.0 -4.248493671417236 0.6989244222640991 -1.0320175886154175 0.9989731023445795 0.001208237437274297 0.04115098375827148 0.01891765022585673
31.0 -4.248493671417236 0.6989244222640991 -1.0320175886154175 0.9989731023445795 0.001208237437274297 0.04115098375827148 0.01891765022585673
32.0 -5.247875690460205 0.664623498916626 -1.0397270917892456 0.998482425216991 0.000571907239544117 0.049774617857156485 0.023558583830088416
33.0 -5.247875690460205 0.664623498916626 -1.0397270917892456 0.998482425216991 0.000571907239544117 0.049774617857156485 0.023558583830088416
34.0 -6.0577497482299805 0.552560567855835 -0.4639265537261963 0.9982630911282155 0.00030063466303746107 0.052813995730775526 0.026103493346470778
35.0 -6.0577497482299805 0.552560567855835 -0.4639265537261963 0.9982630911282155 0.00030063466303746107 0.052813995730775526 0.026103493346470778
36.0 -5.180300235748291 0.40319424867630005 -0.008106410503387451 0.9987250665238789 -0.0008345441474944921 0.04299821023490374 0.026432914132468968
37.0 -5.180300235748291 0.40319424867630005 -0.008106410503387451 0.9987250665238789 -0.0008345441474944921 0.04299821023490374 0.026432914132468968
38.0 -6.143475532531738 0.562997043132782 0.20812590420246124 0.9982624640954127 0.00010728765940978608 0.04973068965798229 0.03160537570816549
39.0 -6.947422981262207 0.6256716251373291 -0.3832628130912781 0.9976295803334708 -0.0015560275002697488 0.058097635299541914 0.036843778235720506
40.0 -6.947422981262207 0.6256716251373291 -0.3832628130912781 0.9976295803334708 -0.0015560275002697488 0.058097635299541914 0.036843778235720506
41.0 -7.872522354125977 0.9671761989593506 -0.5492912530899048 0.9967513611600581 0.0001731955207359324 0.06779765142078448 0.043476114024931095
42.0 -8.735175132751465 1.132307529449463 -1.0273728370666504 0.9951986720766375 -2.7804575434472196e-06 0.0836513594067273 0.05081390713744656
43.0 -8.735175132751465 1.132307529449463 -1.0273728370666504 0.9951986720766375 -2.7804575434472196e-06 0.0836513594067273 0.05081390713744656
44.0 -9.652447700500488 1.3631761074066162 -1.3518900871276855 0.9938027287497817 0.000736279934880451 0.0952827672176394 0.05724323971172952
45.0 -10.550440788269043 1.6478149890899658 -1.6874333620071411 0.9923687118965585 0.0017574179044313777 0.10555224990330779 0.06371792268603915
46.0 -11.447249412536621 2.046565532684326 -1.8790892362594604 0.9907027663541619 0.0040346180422096865 0.11579990782159068 0.0712890731036347
47.0 -12.409601211547852 2.2303082942962646 -2.079383134841919 0.9875615207573163 0.005771407488820402 0.13467649184869926 0.08093933603892431
48.0 -12.409601211547852 2.2303082942962646 -2.079383134841919 0.9875615207573163 0.005771407488820402 0.13467649184869926 0.08093933603892431
49.0 -12.409601211547852 2.2303082942962646 -2.079383134841919 0.9875615207573163 0.005771407488820402 0.13467649184869926 0.08093933603892431
50.0 -13.248641967773438 2.3282899856567383 -2.614556312561035 0.9863035614112501 0.004725154024967506 0.1415788473817563 0.0844889794054716
51.0 -14.211780548095703 2.5791850090026855 -2.517524242401123 0.9841820112993241 0.007270036362904881 0.1520092663287146 0.09069783986570436
52.0 -15.191338539123535 2.7710509300231934 -2.457080125808716 0.9828888020153345 0.007737341936281552 0.1573421050421518 0.09546307345526871
53.0 -16.144174575805664 2.990673542022705 -2.2476322650909424 0.9806982601361344 0.010300766333548976 0.1664387956689785 0.1020928208796323
54.0 -17.138858795166016 3.0919320583343506 -2.228917360305786 0.9784605434380409 0.011676155136729415 0.17631935397266887 0.10672449461495406
55.0 -18.133785247802734 3.1908960342407227 -2.210798740386963 0.9769462959697497 0.01215874423388963 0.18212491424478056 0.11071863140850458
56.0 -18.133785247802734 3.1908960342407227 -2.210798740386963 0.9769462959697497 0.01215874423388963 0.18212491424478056 0.11071863140850458
57.0 -18.133785247802734 3.1908960342407227 -2.210798740386963 0.9769462959697497 0.01215874423388963 0.18212491424478056 0.11071863140850458
58.0 -17.188495635986328 3.1255297660827637 -2.5304172039031982 0.9777997902339706 0.010059510232709032 0.17631670521488813 0.11277763933709314
59.0 -18.187908172607422 3.1090846061706543 -2.5604546070098877 0.9747380348349235 0.009908657449945053 0.18832421112789935 0.11967277658993913
60.0 -19.12146759033203 3.1435468196868896 -2.2036941051483154 0.9726259455313219 0.01066347775976134 0.1957582192931286 0.12475487926551238
61.0 -20.114112854003906 3.0682907104492188 -2.298524856567383 0.9694347116854372 0.00986175875440198 0.20766804124459973 0.13028073587171052
62.0 -21.09892463684082 2.907418727874756 -2.2332074642181396 0.9662260759054373 0.008808718846758063 0.21860701446303452 0.1361636880383963
63.0 -21.86270523071289 2.7694668769836426 -1.602644443511963 0.9648735322801031 0.008777962201946885 0.22266709995731868 0.13914516406075947
64.0 -21.86270523071289 2.7694668769836426 -1.602644443511963 0.9648735322801031 0.008777962201946885 0.22266709995731868 0.13914516406075947
65.0 -22.794368743896484 2.406240224838257 -1.610872507095337 0.962077523019325 0.006302602511221276 0.2318806349159676 0.1435217337323982
66.0 -22.794368743896484 2.406240224838257 -1.610872507095337 0.962077523019325 0.006302602511221276 0.2318806349159676 0.1435217337323982
67.0 -22.794368743896484 2.406240224838257 -1.610872507095337 0.962077523019325 0.006302602511221276 0.2318806349159676 0.1435217337323982
68.0 -23.601289749145508 1.869708776473999 -1.8578789234161377 0.9589341899757963 0.0011584659793395966 0.24175213926375955 0.14832322951390273
69.0 -23.601289749145508 1.869708776473999 -1.8578789234161377 0.9589341899757963 0.0011584659793395966 0.24175213926375955 0.14832322951390273
70.0 -24.381052017211914 1.2761640548706055 -2.0570640563964844 0.9553033199929349 -0.00575557954318783 0.251972663694729 0.15450636512836974
71.0 -25.270477294921875 0.8203955292701721 -2.022433280944824 0.9509707200631407 -0.010584777392766337 0.26426134727587924 0.16033899215747383
72.0 -24.350543975830078 1.1855311393737793 -2.16526198387146 0.954534204495891 -0.0076192175283112725 0.2503923520096587 0.1615861071587654
73.0 -25.267858505249023 0.7890111804008484 -2.1291091442108154 0.9514963804478459 -0.010741020441589822 0.2590655606184088 0.16560284954067425
74.0 -26.173460006713867 0.39581847190856934 -1.9700912237167358 0.9457123241385921 -0.01591054950105791 0.27525312887836273 0.17207780051368793
75.0 -26.173460006713867 0.39581847190856934 -1.9700912237167358 0.9457123241385921 -0.01591054950105791 0.27525312887836273 0.17207780051368793
76.0 -26.173460006713867 0.39581847190856934 -1.9700912237167358 0.9457123241385921 -0.01591054950105791 0.27525312887836273 0.17207780051368793
77.0 -27.073450088500977 -0.025754451751708984 -1.859217643737793 0.9422989928700312 -0.01971998378435367 0.2834747299057323 0.17699098220118978
78.0 -27.073450088500977 -0.025754451751708984 -1.859217643737793 0.9422989928700312 -0.01971998378435367 0.2834747299057323 0.17699098220118978
79.0 -26.227092742919922 0.42046546936035156 -2.1500229835510254 0.9444806970789356 -0.01793696687637636 0.2744328154184627 0.1797807216752114
80.0 -26.227092742919922 0.42046546936035156 -2.1500229835510254 0.9444806970789356 -0.01793696687637636 0.2744328154184627 0.1797807216752114
81.0 -26.227092742919922 0.42046546936035156 -2.1500229835510254 0.9444806970789356 -0.01793696687637636 0.2744328154184627 0.1797807216752114
82.0 -27.19249153137207 0.1936808079481125 -2.0212903022766113 0.9404216598139012 -0.019566067843625638 0.28571458508116443 0.18327969503985914
83.0 -28.12420654296875 -0.16950048506259918 -2.0239036083221436 0.9350125779961026 -0.024163385516383726 0.29980614455647003 0.18784005290579991
84.0 -28.12420654296875 -0.16950048506259918 -2.0239036083221436 0.9350125779961026 -0.024163385516383726 0.29980614455647003 0.18784005290579991
85.0 -29.093238830566406 -0.40668103098869324 -2.092630386352539 0.930867412258256 -0.02635260325217499 0.30949969606328875 0.1923573217587088
86.0 -30.04532814025879 -0.6510276794433594 -1.90872323513031 0.9220643049257884 -0.028681160513660892 0.33118074760856564 0.19822744771283268
87.0 -30.99018669128418 -0.9141135215759277 -1.7137168645858765 0.9157676393123764 -0.030607662655170148 0.3450230659609548 0.2034499587857596
88.0 -30.99018669128418 -0.9141135215759277 -1.7137168645858765 0.9157676393123764 -0.030607662655170148 0.3450230659609548 0.2034499587857596
89.0 -31.894824981689453 -1.2306569814682007 -1.4283567667007446 0.9082433067351823 -0.03337379561217347 0.36175363459611926 0.2076405388975764
90.0 -31.894824981689453 -1.2306569814682007 -1.4283567667007446 0.9082433067351823 -0.03337379561217347 0.36175363459611926 0.2076405388975764
91.0 -32.84696960449219 -1.4234670400619507 -1.191192388534546 0.9037148870609116 -0.03384645937036659 0.37055779133523814 0.2117563301847766
92.0 -33.74152374267578 -1.6138712167739868 -0.7868139743804932 0.8956467350077498 -0.03386613816826076 0.386918746001978 0.21671154733373715
93.0 -34.58775329589844 -1.7751624584197998 -0.278995156288147 0.8856465440647457 -0.03258886080814517 0.40650850680199047 0.2220788126657194
94.0 -35.54048538208008 -2.0417909622192383 -0.13334766030311584 0.8808714972614318 -0.033494108362064005 0.414408483087753 0.22629440815526414
95.0 -36.40361785888672 -2.4317657947540283 0.18746623396873474 0.8756578060095346 -0.03483724528269085 0.4228876999175764 0.2305987128630684
96.0 -35.41844940185547 -2.260531187057495 0.17642253637313843 0.8771212530658881 -0.03386298640073936 0.41920040395358255 0.23191081668887953
97.0 -36.067108154296875 -2.5969371795654297 0.8591165542602539 0.8709464542322153 -0.034126266924883054 0.4300269163860451 0.23529667007761257
98.0 -36.067108154296875 -2.5969371795654297 0.8591165542602539 0.8709464542322153 -0.034126266924883054 0.4300269163860451 0.23529667007761257
99.0 -35.999603271484375 -2.8006510734558105 1.8358168601989746 0.8702039138560621 -0.03348985129908581 0.43027653128629495 0.23766717230991383
100.0 -35.999603271484375 -2.8006510734558105 1.8358168601989746 0.8702039138560621 -0.03348985129908581 0.43027653128629495 0.23766717230991383
101.0 -36.62592315673828 -2.898838520050049 2.609175682067871 0.8626048669543052 -0.030356565001756097 0.4430876891070928 0.24220780794552377
102.0 -36.62592315673828 -2.898838520050049 2.609175682067871 0.8626048669543052 -0.030356565001756097 0.4430876891070928 0.24220780794552377
103.0 -36.62592315673828 -2.898838520050049 2.609175682067871 0.8626048669543052 -0.030356565001756097 0.4430876891070928 0.24220780794552377
104.0 -36.62592315673828 -2.898838520050049 2.609175682067871 0.8626048669543052 -0.030356565001756097 0.4430876891070928 0.24220780794552377
105.0 -36.62592315673828 -2.898838520050049 2.609175682067871 0.8626048669543052 -0.030356565001756097 0.4430876891070928 0.24220780794552377
106.0 -36.62592315673828 -2.898838520050049 2.609175682067871 0.8626048669543052 -0.030356565001756097 0.4430876891070928 0.24220780794552377
107.0 -37.230010986328125 -3.2016632556915283 3.3463144302368164 0.8572783115172702 -0.029746142613474674 0.4503097210216243 0.24781085277917875
108.0 -37.81468200683594 -3.5851707458496094 4.06121301651001 0.8506776081991859 -0.030576022629971805 0.4601375615146682 0.25236112662606913
109.0 -38.59516525268555 -4.084005355834961 4.438056945800781 0.8455283226645776 -0.03220538896486898 0.46692013062932747 0.25696353847723075
110.0 -38.59516525268555 -4.084005355834961 4.438056945800781 0.8455283226645776 -0.03220538896486898 0.46692013062932747 0.25696353847723075
111.0 -39.09293746948242 -4.47831916809082 5.210546016693115 0.8386472272748997 -0.032772254256682065 0.4757709757123423 0.2631326399456817
112.0 -39.66575241088867 -4.968825817108154 5.867269039154053 0.8277511922417805 -0.03651832216232427 0.4913195815718884 0.268513397529405
113.0 -40.11185836791992 -5.426903247833252 6.636134624481201 0.8214657670221487 -0.03776640321556565 0.4990437252401395 0.27335517682552934
114.0 -40.33120346069336 -5.758300304412842 7.553774356842041 0.8158735790357833 -0.03796514060893234 0.5057601373882525 0.27769701935545055
115.0 -40.33120346069336 -5.758300304412842 7.553774356842041 0.8158735790357833 -0.03796514060893234 0.5057601373882525 0.27769701935545055
116.0 -40.39164733886719 -6.004097938537598 8.521208763122559 0.8104753236643593 -0.0374747096593828 0.5121429984642822 0.28184205681748625
117.0 -40.469905853271484 -6.206087112426758 9.497464179992676 0.8038575888900995 -0.03575390425918186 0.5202042234935471 0.28622054603661284
118.0 -40.87680435180664 -6.673527717590332 10.282278060913086 0.7986241656963519 -0.03624514802304002 0.5263033091429169 0.28963866799135973
119.0 -41.47528076171875 -7.364260673522949 10.688124656677246 0.788450286141337 -0.04208195415764771 0.5370043856214092 0.2969874496359908
120.0 -42.17265701293945 -7.94896936416626 11.102590560913086 0.7821655923988974 -0.04416547267815116 0.5436185237168847 0.3012396019156051
121.0 -42.62156295776367 -8.252711296081543 11.942960739135742 0.7756005139193761 -0.04400246035722975 0.551029892825902 0.3047518392114888
122.0 -43.28242111206055 -8.595016479492188 12.610861778259277 0.7638210148675776 -0.044444313818244596 0.5645261483368791 0.30969725226391204
123.0 -44.017086029052734 -9.10624885559082 13.056854248046875 0.7580122204954798 -0.04641016806686943 0.5703686694704835 0.31295870456976776
124.0 -44.440773010253906 -8.996694564819336 12.157695770263672 0.758511360920346 -0.045664913702041 0.5674220971273677 0.3171866874617059
125.0 -45.018558502197266 -9.289814949035645 12.919431686401367 0.7530051680429792 -0.04484717370204171 0.572468316711034 0.32132845232493606
126.0 -45.745079040527344 -9.8522367477417 13.31421184539795 0.7455168878123748 -0.04691362664268123 0.5793077974508481 0.3261995668826509
127.0 -45.745079040527344 -9.8522367477417 13.31421184539795 0.7455168878123748 -0.04691362664268123 0.5793077974508481 0.3261995668826509
128.0 -46.28398895263672 -10.463899612426758 13.893389701843262 0.7342972720352807 -0.05122750053412018 0.5905415514636151 0.3308231180941229
129.0 -46.69084930419922 -10.943612098693848 14.670783042907715 0.724331385864983 -0.052530931774724905 0.6004379064648679 0.33475194568199124
130.0 -47.116756439208984 -11.543822288513184 15.347800254821777 0.7142902153069725 -0.05516675856509989 0.6094286090361027 0.3396216829863193
131.0 -47.55428695678711 -12.09703254699707 16.056690216064453 0.7047061498303948 -0.057041982703014034 0.6182401363481627 0.3433869368638465
132.0 -47.55428695678711 -12.09703254699707 16.056690216064453 0.7047061498303948 -0.057041982703014034 0.6182401363481627 0.3433869368638465
133.0 -48.038299560546875 -12.5552396774292 16.802196502685547 0.6982812160151708 -0.056671807529088104 0.6235038954275642 0.34703680205190535
134.0 -48.4541015625 -12.794641494750977 17.679576873779297 0.6914181105615204 -0.05486039092956682 0.6292867752656918 0.35061301797038164
135.0 -49.027835845947266 -13.465424537658691 18.149553298950195 0.6799425927569595 -0.05908463052855307 0.6382376981736833 0.3561456410237339
136.0 -49.64733123779297 -13.77031421661377 18.872926712036133 0.6727817696873128 -0.05732603924199316 0.6437339536911632 0.3601180535135337
137.0 -50.124183654785156 -14.21652889251709 19.630226135253906 0.6619723677663416 -0.05811216858145556 0.653036869480076 0.36326079787976856
138.0 -50.49105453491211 -14.71756362915039 20.414043426513672 0.6480778212334734 -0.060055195058507614 0.664374823252003 0.36741612022423364
139.0 -50.880550384521484 -14.436606407165527 19.536914825439453 0.6500532814291659 -0.05666876648034207 0.6602121058105378 0.3719399918669479
140.0 -51.17530059814453 -14.83178997039795 20.406944274902344 0.6408418186699514 -0.056113947180726716 0.6676095375490032 0.3747939350485725
141.0 -51.36564254760742 -15.204792976379395 21.315040588378906 0.6328158073711568 -0.054683862700727524 0.6733655140062634 0.3783288432678633
142.0 -51.41255187988281 -15.537063598632812 22.257057189941406 0.6121135148138198 -0.05437473069546915 0.6905781003133907 0.3813952294033254
143.0 -51.41255187988281 -15.537063598632812 22.257057189941406 0.6121135148138198 -0.05437473069546915 0.6905781003133907 0.3813952294033254
144.0 -51.385807037353516 -15.868882179260254 23.200021743774414 0.5906414224860935 -0.05451162288476293 0.707809080029018 0.38363719741775365
145.0 -50.979522705078125 -15.864605903625488 24.113758087158203 0.5802120239927884 -0.04987968122789663 0.7148595614453557 0.3870940867863381
146.0 -50.79509735107422 -16.283729553222656 25.002758026123047 0.563125713078455 -0.05187553252655365 0.7265819161266632 0.39022695902855636
147.0 -50.57448196411133 -16.753448486328125 25.857563018798828 0.5544921384404004 -0.05208740985169427 0.7318468702399022 0.3927155824038474
148.0 -50.1318359375 -17.056190490722656 26.70160675048828 0.5471018539056529 -0.051317753516239885 0.7361266527758525 0.3951754049786795
149.0 -50.1318359375 -17.056190490722656 26.70160675048828 0.5471018539056529 -0.051317753516239885 0.7361266527758525 0.3951754049786795
150.0 -49.88703536987305 -17.501008987426758 27.563121795654297 0.537515141365996 -0.05137680766008695 0.7414897057297023 0.3982849642326852
151.0 -49.336822509765625 -17.62882423400879 28.3883056640625 0.5305763828905513 -0.05011551276585446 0.7452332492306506 0.40075496446097997
152.0 -49.25986862182617 -18.29286766052246 29.132028579711914 0.5208482055803408 -0.0518939370567539 0.7499947844227319 0.40439088686466257
153.0 -49.25986862182617 -18.29286766052246 29.132028579711914 0.5208482055803408 -0.0518939370567539 0.7499947844227319 0.40439088686466257
154.0 -49.25986862182617 -18.29286766052246 29.132028579711914 0.5208482055803408 -0.0518939370567539 0.7499947844227319 0.40439088686466257
155.0 -49.25986862182617 -18.29286766052246 29.132028579711914 0.5208482055803408 -0.0518939370567539 0.7499947844227319 0.40439088686466257
156.0 -49.28193283081055 -17.51183319091797 28.507930755615234 0.5398452522418976 -0.03291549149189223 0.7370669723738665 0.40523567499339325
157.0 -48.95178985595703 -18.039310455322266 29.290729522705078 0.5300956938378826 -0.034320072247369736 0.7422993195711293 0.4084267476301079
158.0 -48.95178985595703 -18.039310455322266 29.290729522705078 0.5300956938378826 -0.034320072247369736 0.7422993195711293 0.4084267476301079
159.0 -48.95178985595703 -18.039310455322266 29.290729522705078 0.5300956938378826 -0.034320072247369736 0.7422993195711293 0.4084267476301079
160.0 -48.73090362548828 -18.667451858520508 30.03681755065918 0.5131347648007194 -0.03947284295880382 0.751276540018158 0.41318055162362743
161.0 -48.73090362548828 -18.667451858520508 30.03681755065918 0.5131347648007194 -0.03947284295880382 0.751276540018158 0.41318055162362743
162.0 -48.73090362548828 -18.667451858520508 30.03681755065918 0.5131347648007194 -0.03947284295880382 0.751276540018158 0.41318055162362743
163.0 -48.57548904418945 -19.338119506835938 30.76211166381836 0.500579596066564 -0.04255172791254744 0.7571988165787705 0.41744385326077266
164.0 -48.57548904418945 -19.338119506835938 30.76211166381836 0.500579596066564 -0.04255172791254744 0.7571988165787705 0.41744385326077266
165.0 -48.57548904418945 -19.338119506835938 30.76211166381836 0.500579596066564 -0.04255172791254744 0.7571988165787705 0.41744385326077266
166.0 -49.22924041748047 -18.822772979736328 30.208009719848633 0.5042311803168875 -0.0363872524146965 0.7538582246142255 0.41967208846840837
167.0 -49.0172004699707 -19.24982452392578 31.08702278137207 0.49065337830645545 -0.037734080884177706 0.761690955953264 0.4215000464001057
168.0 -49.0172004699707 -19.24982452392578 31.08702278137207 0.49065337830645545 -0.037734080884177706 0.761690955953264 0.4215000464001057
169.0 -49.0172004699707 -19.24982452392578 31.08702278137207 0.49065337830645545 -0.037734080884177706 0.761690955953264 0.4215000464001057
170.0 -49.0172004699707 -19.24982452392578 31.08702278137207 0.49065337830645545 -0.037734080884177706 0.761690955953264 0.4215000464001057
171.0 -49.845298767089844 -19.026142120361328 30.572999954223633 0.49268135251644346 -0.03272993834270026 0.7585604091483523 0.42518224526823245
172.0 -49.97884750366211 -19.495725631713867 31.445728302001953 0.4847847688659542 -0.03250496335086516 0.762543678063537 0.42714668941532874
173.0 -49.88520431518555 -19.925867080688477 32.34362030029297 0.4617478849242396 -0.03501043714890249 0.7759285238338457 0.42836676570395027
174.0 -49.88520431518555 -19.925867080688477 32.34362030029297 0.4617478849242396 -0.03501043714890249 0.7759285238338457 0.42836676570395027
